A = [1 3; 4 0; 2 1]
B = [1; 5]

M = A * B


E = [ 1 0 3 ; 2 1 5 ; 3 1 2 ] 
F = [ 1 ; 6 ; 2] 

Q_a = E*F 

%%%%%

A=  [1 3; 2 4 ; 0 5] 
B = [1 0; 2 3] 

Q = A*B