p =

   9.1033e-02
   4.2260e-05
   4.3909e-02
   9.9042e-01
   9.9820e-01
   1.0798e-02
   9.9898e-01
   4.2324e-01
   9.9971e-01
   7.3540e-01
   9.0968e-01
   2.8599e-02
   9.9927e-01
   9.9985e-01
   1.5604e-01
   9.8096e-01
   4.2773e-01
   1.4880e-01
   9.9971e-01
   5.7430e-01
   6.6839e-02
   9.9863e-01
   7.4183e-03
   1.0116e-04
   9.9188e-01
   8.5505e-01
   6.0032e-01
   8.6520e-01
   9.2394e-02
   1.6829e-02
   8.9713e-01
   9.8104e-01
   1.5491e-01
   3.9194e-01
   7.4129e-02
   3.3112e-02
   8.5226e-01
   9.8756e-01
   2.0400e-01
   4.9580e-02
   9.7030e-01
   6.1185e-03
   9.9946e-01
   5.0231e-01
   4.4889e-03
   1.3703e-01
   9.9299e-01
   1.0000e+00
   9.9920e-01
   9.9999e-01
   9.9811e-01
   9.9950e-01
   9.0502e-01
   2.8062e-03
   8.5230e-03
   5.2892e-02
   9.9986e-01
   6.9370e-01
   9.8550e-01
   9.9573e-01
   9.9953e-01
   2.2238e-04
   3.5056e-03
   1.2707e-04
   7.1658e-02
   4.0879e-02
   9.4442e-01
   1.0071e-02
   9.9995e-01
   7.0931e-01
   6.2041e-05
   9.7740e-01
   9.9989e-01
   8.8428e-01
   9.0524e-01
   9.9995e-01
   9.1769e-01
   6.2675e-01
   1.5841e-02
   5.9949e-01
   9.9928e-01
   9.7347e-01
   8.9454e-01
   2.0320e-01
   9.9994e-01
   9.9798e-01
   3.5456e-01
   9.9982e-01
   9.9997e-01
   1.0696e-01
   9.9994e-01
   9.9999e-01
   1.4244e-03
   9.9932e-01
   9.2458e-01
   8.5865e-01
   7.5088e-01
   9.9990e-01
   3.3928e-01
   9.9975e-01

